2419
2423
2433
2434
2435
2445
2447
2448
2449
2451
2462
2463
2464
2466
2473
2474
2475
2477
2489
2490
2491
2493
2500
2501
2502
2504
2515
2516
2517
2519
2534
2535
2536
2538
2548
2549
2550
2552
2565
2566
2567
2569
2579
2580
2581
2583
2596
2597
2598
2600
2616
2617
2618
2620
2635
2636
2637
2639
2646
2647
2648
2658
2660
2661
2662
2664
2675
2676
2677
2679
2694
2695
2696
2698
2711
2712
2713
2715
2723
2724
2725
2727
2745
2746
2747
2749
2764
2765
2766
2768
2776
2777
2778
2780
2792
2793
2794
2796
2809
2810
2811
2813
2825
2826
2827
2829
2836
2837
2838
2840
2855
2856
2857
2859
2876
2877
2878
2880
2887
2888
2889
2891
2898
2899
2900
2902
2908
2909
2910
2912
2932
2933
2934
2936
2946
2947
2948
2950
2960
2961
2962
2964
2974
2975
2976
2978
2989
2990
2991
2993
3008
3009
3010
3012
3023
3024
3025
3027
3038
3039
3040
3042
3057
3058
3059
3061
3077
3078
3079
3081
3094
3095
3096
3098
3109
3110
3111
3113
3128
3129
3130
3132
3139
3140
3141
3143
3149
3150
3151
3153
3169
3170
3171
3173
3185
3186
3187
3189
3196
3197
3198
3200
3203
3204
3205
3207
3222
3223
3224
3226
3239
3240
3241
3243
3251
3252
3253
3255
3273
3274
3275
3277
3297
3298
3299
3301
3311
3312
3313
3315
3322
3323
3324
3326
3338
3339
3340
3342
3358
3359
3360
3362
3373
3374
3375
3377
3389
3390
3391
3393
3413
3414
3415
3417
3427
3428
3429
3431
3442
3443
3444
3446
3456
3457
3458
3460
3470
3471
3472
3474
3482
3483
3484
3486
3497
3498
3499
3501
3513
3514
3515
3517
3529
3530
3531
3533
3536
3537
3538
3540
3546
3547
3548
3550
3565
3566
3567
3569
3589
3590
3591
3593
3599
3600
3601
3603
3606
3607
3608
3610
3623
3624
3625
3627
3637
3638
3639
3641
3656
3657
3658
3660
3671
3672
3673
3675
3683
3684
3685
3687
3707
3708
3709
3711
3719
3720
3721
3723
3730
3731
3732
3734
3751
3752
3753
3755
3770
3771
3772
3774
3794
3795
3796
3798
3806
3807
3808
3810
3825
3826
3827
3829
3845
3846
3847
3849
3865
3866
3867
3869
3884
3885
3886
3888
3901
3902
3903
3905
3912
3913
3914
3916
3931
3932
3933
3935
3953
3954
3955
3957
3969
3970
3971
3973
3991
3992
3993
3995
4010
4011
4012
4014
4025
4026
4027
4029
4040
4041
4042
4044
4051
4052
4053
4055
4075
4076
4077
4079
4092
4093
4094
4096
4099
4100
4101
4103
4121
4122
4123
4125
4136
4137
4138
4140
4148
4149
4150
4152
4159
4160
4161
4163
4181
4182
4183
4185
4192
4193
4194
4196
4214
4215
4216
4218
4230
4231
4232
4234
4251
4252
4253
4255
4265
4266
4267
4269
4284
4285
4286
4288
4303
4304
4305
4307
4314
4315
4316
4326
4328
4329
4330
4332
4345
4346
4347
4349
4362
4363
4364
4366
4373
4374
4375
4377
4384
4385
4386
4388
4399
4400
4401
4403
4418
4419
4420
4422
4439
4440
4441
4443
4446
4447
4448
4450
4458
4459
4460
4462
4477
4478
4479
4481
4501
4502
4503
4505
4511
4512
4513
4515
4528
4529
4530
4532
4550
4551
4552
4554
4561
4562
4563
4565
4580
4581
4582
4584
4596
4597
4598
4600
4611
4612
4613
4615
4618
4619
4620
4622
4629
4630
4631
4633
4640
4641
4642
4644
4652
4653
4654
4656
4664
4665
4666
4668
4684
4685
4686
4688
4698
4699
4700
4710
4712
4713
4714
4716
4732
4733
4734
4736
4744
4745
4746
4748
4763
4764
4765
4767
4782
4783
4784
4786
4806
4807
4808
4810
4822
4823
4824
4834
4836
4837
4838
4840
4848
4849
4850
4852
4867
4868
4869
4871
4881
4882
4883
4885
4902
4903
4904
4906
4916
4917
4918
4920
4938
4939
4940
4942
4945
4946
4947
4949
4956
4957
4958
4960
4975
4976
4977
4979
4992
4993
4994
4996
5003
5004
5005
5007
5010
